0008
0003
0001
0001
0001
07E5
0003
0002
000E
001E
07E5
0003
001D
000A
000B
0000
0000
0001
0810
0000
0000
0000
0000
0000
0000
0000
0000
0000
3314
2518
1214
6B04
0009
0003
0001
0001
0001
07E5
0003
0002
000E
001E
07E5
0003
001D
000A
000B
0000
0000
0001
0811
0000
0000
0000
0000
0000
0000
0000
0000
0000
3314
2518
1214
6B05
000A
0001
0001
0001
0001
07E5
0003
0002
000E
001E
07E5
0003
001D
000A
000B
0000
0000
0001
0812
0000
0000
0000
0000
0000
0000
0000
0000
0000
7071
7273
8B8C
8D8E
000B
0002
0001
0001
0001
07E5
0003
0002
000E
001E
07E5
0003
001D
000A
000B
0000
0000
0001
0813
0000
0000
0000
0000
0000
0000
0000
0000
0000
3E42
2314
2223
6B00
000C
0002
0001
0001
0001
07E5
0003
0002
000E
001E
07E5
0003
001D
000A
000B
0000
0000
0001
0814
0000
0000
0000
0000
0000
0000
0000
0000
0000
3E42
2314
2223
6B01
0000
0000
0000
0000
0000
0000
0000
0000
0000
0000
0000
0000
0000
0000
0000
0000
0000
0000
0000
0000
0000
0000
0000
0000
0000
0000
0000
0000
0000
0000
0000
0000
0000
0000
0000
0000
0000
0000
0000
0000
0000
0000
0000
0000
0000
0000
0000
0000
0000
0000
0000
0000
0000
0000
0000
0000
0000
0000
0000
0000
0000
0000
0000
0000
0000
0000
0000
0000
0000
0000
0000
0000
0000
0000
0000
0000
0000
0000
0000
0000
0000
0000
0000
0000
0000
0000
0000
0000
0000
0000
0000
0000
0000
0000
0000
0000
